fs_t	fs	rho_t	rho	k_t	k	cp_t	cp
25	1	25	7944.71	25	15.94486	25	447
30	1	30	7943.06	30	16.01022	30	448.8
35	1	35	7941.4	35	16.07557	35	450.6
40	1	40	7939.75	40	16.14091	40	452.4
45	1	45	7938.09	45	16.20624	45	454.2
50	1	50	7936.43	50	16.27155	50	455.8
55	1	55	7934.77	55	16.33685	55	457.6
60	1	60	7933.1	60	16.40215	60	459.4
65	1	65	7931.43	65	16.46743	65	460.8
70	1	70	7929.76	70	16.5327	70	462.4
75	1	75	7928.08	75	16.59796	75	464.2
80	1	80	7926.41	80	16.66322	80	465.6
85	1	85	7924.73	85	16.72846	85	467.2
90	1	90	7923.05	90	16.79369	90	468.8
95	1	95	7921.36	95	16.85891	95	470.4
100	1	100	7919.67	100	16.92413	100	471.8
105	1	105	7917.98	105	16.98933	105	473.2
110	1	110	7916.29	110	17.05452	110	474.8
115	1	115	7914.6	115	17.11971	115	476.4
120	1	120	7912.9	120	17.18488	120	477.8
125	1	125	7911.2	125	17.25005	125	479.2
130	1	130	7909.49	130	17.3152	130	480.8
135	1	135	7907.79	135	17.38035	135	482
140	1	140	7906.08	140	17.44549	140	483.6
145	1	145	7904.37	145	17.51062	145	485.2
150	1	150	7902.66	150	17.57574	150	486.4
155	1	155	7900.94	155	17.64086	155	488
160	1	160	7899.22	160	17.70596	160	489.4
165	1	165	7897.5	165	17.77106	165	490.8
170	1	170	7895.77	170	17.83615	170	492.4
175	1	175	7894.05	175	17.90124	175	493.6
180	1	180	7892.32	180	17.96631	180	495.2
185	1	185	7890.59	185	18.03138	185	496.6
190	1	190	7888.85	190	18.09644	190	498
195	1	195	7887.12	195	18.16149	195	499.6
200	1	200	7885.38	200	18.22654	200	501
205	1	205	7883.63	205	18.29158	205	502.4
210	1	210	7881.89	210	18.35661	210	504
215	1	215	7880.14	215	18.42164	215	505.2
220	1	220	7878.39	220	18.48666	220	507
225	1	225	7876.64	225	18.55168	225	508.2
230	1	230	7874.88	230	18.61669	230	509.8
235	1	235	7873.13	235	18.6817	235	511.4
240	1	240	7871.37	240	18.7467	240	512.8
245	1	245	7869.6	245	18.8117	245	514.2
250	1	250	7867.84	250	18.87669	250	515.8
255	1	255	7866.07	255	18.94168	255	517.4
260	1	260	7864.3	260	19.00666	260	519
265	1	265	7862.52	265	19.07164	265	520.4
270	1	270	7860.75	270	19.13662	270	522
275	1	275	7858.97	275	19.2016	275	523.6
280	1	280	7857.19	280	19.26657	280	525.2
285	1	285	7855.4	285	19.33155	285	526.6
290	1	290	7853.62	290	19.39652	290	528.4
295	1	295	7851.83	295	19.46149	295	530
300	1	300	7850.04	300	19.52646	300	531.4
305	1	305	7848.24	305	19.59143	305	533.2
310	1	310	7846.45	310	19.6564	310	535
315	1	315	7844.65	315	19.72137	315	536.4
320	1	320	7842.85	320	19.78634	320	538.2
325	1	325	7841.04	325	19.85131	325	540
330	1	330	7839.23	330	19.91628	330	541.6
335	1	335	7837.42	335	19.98126	335	543.2
340	1	340	7835.61	340	20.04624	340	545
345	1	345	7833.8	345	20.11122	345	546.8
350	1	350	7831.98	350	20.1762	350	548.6
355	1	355	7830.16	355	20.24119	355	550.4
360	1	360	7828.34	360	20.30618	360	552.2
365	1	365	7826.51	365	20.37117	365	554
370	1	370	7824.68	370	20.43617	370	555.8
375	1	375	7822.85	375	20.50117	375	557.8
380	1	380	7821.02	380	20.56617	380	559.6
385	1	385	7819.19	385	20.63118	385	561.4
390	1	390	7817.35	390	20.69619	390	563.4
395	1	395	7815.51	395	20.7612	395	565.4
400	1	400	7813.66	400	20.82622	400	567.4
405	1	405	7811.82	405	20.89124	405	569.2
410	1	410	7809.97	410	20.95626	410	571.4
415	1	415	7808.12	415	21.02128	415	573.4
420	1	420	7806.27	420	21.0863	420	575.4
425	1	425	7804.41	425	21.15132	425	577.6
430	1	430	7802.55	430	21.21634	430	579.6
435	1	435	7800.69	435	21.28136	435	581.8
440	1	440	7798.83	440	21.34638	440	584
445	1	445	7796.96	445	21.41139	445	586.2
450	1	450	7795.09	450	21.4764	450	588.4
455	1	455	7793.22	455	21.5414	455	590.8
460	1	460	7791.35	460	21.6064	460	593
465	1	465	7789.47	465	21.67139	465	595.4
470	1	470	7787.59	470	21.73637	470	597.8
475	1	475	7785.71	475	21.80134	475	600
480	1	480	7783.83	480	21.8663	480	602.6
485	1	485	7781.94	485	21.93125	485	605.2
490	1	490	7780.05	490	21.99619	490	607.6
495	1	495	7778.16	495	22.06111	495	610.2
500	1	500	7776.27	500	22.12601	500	612.8
505	1	505	7774.37	505	22.1909	505	615.6
510	1	510	7772.47	510	22.25577	510	618.2
515	1	515	7770.57	515	22.32062	515	621
520	1	520	7768.67	520	22.38546	520	623.8
525	1	525	7766.76	525	22.45027	525	626.6
530	1	530	7764.85	530	22.51506	530	629.6
535	1	535	7762.94	535	22.57982	535	632.6
540	1	540	7761.02	540	22.64457	540	635.6
545	1	545	7759.11	545	22.70929	545	638.8
550	1	550	7757.19	550	22.77399	550	642
555	1	555	7755.27	555	22.83866	555	645.2
560	1	560	7753.34	560	22.90331	560	648.6
565	1	565	7751.41	565	22.96794	565	652
570	1	570	7749.48	570	23.03254	570	655.6
575	1	575	7747.55	575	23.09712	575	659
580	1	580	7745.62	580	23.16167	580	662.8
585	1	585	7743.68	585	23.2262	585	666.4
590	1	590	7741.74	590	23.29071	590	670.4
595	1	595	7739.8	595	23.3552	595	674.4
600	1	600	7737.86	600	23.41966	600	678.4
605	1	605	7735.91	605	23.48411	605	682.6
610	1	610	7733.96	610	23.54853	610	687
615	1	615	7732.01	615	23.61294	615	691.4
620	1	620	7730.05	620	23.67733	620	695.8
625	1	625	7728.1	625	23.7417	625	700.6
630	1	630	7726.14	630	23.80605	630	705.6
635	1	635	7724.17	635	23.8704	635	710.6
640	1	640	7722.21	640	23.93473	640	715.6
645	1	645	7720.24	645	23.99904	645	721
650	1	650	7718.27	650	24.06335	650	726.6
655	1	655	7716.3	655	24.12765	655	732.2
660	1	660	7714.33	660	24.19194	660	738.2
665	1	665	7712.35	665	24.25622	665	744.4
670	1	670	7710.37	670	24.3205	670	750.6
675	1	675	7708.39	675	24.38478	675	732.8
680	1	680	7706.4	680	24.44905	680	696
685	1	685	7704.42	685	24.51332	685	691
690	1	690	7702.43	690	24.57758	690	686.2
695	1	695	7700.44	695	24.64185	695	681.8
700	1	700	7698.44	700	24.70612	700	678.2
705	1	705	7696.44	705	24.77039	705	674.6
710	1	710	7694.44	710	24.83467	710	671.2
715	1	715	7692.44	715	24.89895	715	668.4
720	1	720	7690.44	720	24.96323	720	665.8
725	1	725	7688.43	725	25.02751	725	663.2
730	1	730	7686.42	730	25.0918	730	661
735	1	735	7684.41	735	25.1561	735	658.8
740	1	740	7682.4	740	25.2204	740	657
745	1	745	7680.38	745	25.28471	745	655.4
750	1	750	7678.36	750	25.34902	750	653.8
755	1	755	7676.34	755	25.41334	755	652.2
760	1	760	7674.32	760	25.47767	760	651
765	1	765	7672.29	765	25.542	765	649.8
770	1	770	7670.26	770	25.60634	770	648.6
775	1	775	7668.23	775	25.67068	775	647.8
780	1	780	7666.2	780	25.73504	780	646.8
785	1	785	7664.16	785	25.79939	785	646
790	1	790	7662.12	790	25.86376	790	645.2
795	1	795	7660.08	795	25.92812	795	644.6
800	1	800	7658.04	800	25.9925	800	644
805	1	805	7655.99	805	26.05688	805	643.4
810	1	810	7653.94	810	26.12126	810	643
815	1	815	7651.89	815	26.18565	815	642.8
820	1	820	7649.84	820	26.25004	820	642.2
825	1	825	7647.78	825	26.31443	825	642
830	1	830	7645.72	830	26.37883	830	641.8
835	1	835	7643.66	835	26.44323	835	641.6
840	1	840	7641.6	840	26.50764	840	641.4
845	1	845	7639.54	845	26.57204	845	641.2
850	1	850	7637.47	850	26.63645	850	641.4
855	1	855	7635.4	855	26.70086	855	641.2
860	1	860	7633.33	860	26.76527	860	641.2
865	1	865	7631.25	865	26.82969	865	641.2
870	1	870	7629.17	870	26.8941	870	641.2
875	1	875	7627.09	875	26.95851	875	641.4
880	1	880	7625.01	880	27.02293	880	641.6
885	1	885	7622.93	885	27.08734	885	641.8
890	1	890	7620.84	890	27.15176	890	641.8
895	1	895	7618.75	895	27.21617	895	642
900	1	900	7616.66	900	27.28059	900	642.4
905	1	905	7614.56	905	27.345	905	642.6
910	1	910	7612.47	910	27.40942	910	642.8
915	1	915	7610.37	915	27.47383	915	643.2
920	1	920	7608.27	920	27.53824	920	643.6
925	1	925	7606.16	925	27.60265	925	643.8
930	1	930	7604.06	930	27.66706	930	644.2
935	1	935	7601.95	935	27.73147	935	644.6
940	1	940	7599.84	940	27.79587	940	645
945	1	945	7597.72	945	27.86028	945	645.4
950	1	950	7595.61	950	27.92468	950	645.8
955	1	955	7593.49	955	27.98908	955	646.4
960	1	960	7591.37	960	28.05348	960	646.8
965	1	965	7589.25	965	28.11788	965	647.2
970	1	970	7587.12	970	28.18227	970	647.8
975	1	975	7584.99	975	28.24667	975	648.4
980	1	980	7582.86	980	28.31106	980	648.8
985	1	985	7580.73	985	28.37545	985	649.4
990	1	990	7578.6	990	28.43984	990	649.8
995	1	995	7576.46	995	28.50423	995	650.6
1000	1	1000	7574.32	1000	28.56861	1000	651
1005	1	1005	7572.18	1005	28.63299	1005	651.6
1010	1	1010	7570.03	1010	28.69737	1010	652.4
1015	1	1015	7567.89	1015	28.76175	1015	652.8
1020	1	1020	7565.74	1020	28.82613	1020	653.6
1025	1	1025	7563.59	1025	28.89051	1025	654.2
1030	1	1030	7561.43	1030	28.95488	1030	654.8
1035	1	1035	7559.28	1035	29.01925	1035	655.4
1040	1	1040	7557.12	1040	29.08362	1040	656.2
1045	1	1045	7554.96	1045	29.14799	1045	656.8
1050	1	1050	7552.8	1050	29.21235	1050	657.6
1055	1	1055	7550.63	1055	29.27672	1055	658.2
1060	1	1060	7548.46	1060	29.34108	1060	658.8
1065	1	1065	7546.29	1065	29.40544	1065	659.8
1070	1	1070	7544.12	1070	29.4698	1070	660.2
1075	1	1075	7541.95	1075	29.53415	1075	661.2
1080	1	1080	7539.77	1080	29.59851	1080	661.8
1085	1	1085	7537.59	1085	29.66286	1085	662.6
1090	1	1090	7535.41	1090	29.72721	1090	663.4
1095	1	1095	7533.22	1095	29.79156	1095	664.2
1100	1	1100	7531.04	1100	29.85591	1100	664.8
1105	1	1105	7528.85	1105	29.92025	1105	665.8
1110	1	1110	7526.66	1110	29.98459	1110	666.4
1115	1	1115	7524.47	1115	30.04894	1115	667.2
1120	1	1120	7522.27	1120	30.11328	1120	668.2
1125	1	1125	7520.07	1125	30.17761	1125	668.8
1130	1	1130	7517.87	1130	30.24195	1130	669.8
1135	1	1135	7515.67	1135	30.30628	1135	670.6
1140	1	1140	7513.47	1140	30.37062	1140	671.2
1145	1	1145	7511.26	1145	30.43495	1145	672.2
1150	1	1150	7509.05	1150	30.49928	1150	673.2
1155	1	1155	7506.84	1155	30.56361	1155	673.8
1160	1	1160	7504.62	1160	30.62793	1160	674.8
1165	1	1165	7502.41	1165	30.69226	1165	675.6
1170	1	1170	7500.19	1170	30.75658	1170	676.4
1175	1	1175	7497.97	1175	30.8209	1175	677.4
1180	1	1180	7495.75	1180	30.88522	1180	678.2
1185	1	1185	7493.52	1185	30.94954	1185	679.2
1190	1	1190	7491.29	1190	31.01385	1190	680
1195	1	1195	7489.06	1195	31.07817	1195	681
1200	1	1200	7486.83	1200	31.14248	1200	681.8
1205	1	1205	7484.6	1205	31.20679	1205	682.6
1210	1	1210	7482.36	1210	31.2711	1210	683.6
1215	1	1215	7480.12	1215	31.33541	1215	684.6
1220	1	1220	7477.88	1220	31.39972	1220	685.4
1225	1	1225	7475.64	1225	31.46402	1225	686.4
1230	1	1230	7473.39	1230	31.52832	1230	687.2
1235	1	1235	7471.15	1235	31.59263	1235	688.4
1240	1	1240	7468.9	1240	31.65693	1240	689.2
1245	1	1245	7466.64	1245	31.72123	1245	690
1250	1	1250	7464.39	1250	31.78552	1250	691.2
1255	1	1255	7462.13	1255	31.84982	1255	692
1260	1	1260	7459.87	1260	31.91411	1260	693
1265	1	1265	7457.61	1265	31.97841	1265	693.8
1270	1	1270	7455.35	1270	32.0427	1270	695
1275	1	1275	7453.08	1275	32.10699	1275	695.8
1280	1	1280	7450.82	1280	32.17128	1280	697
1285	1	1285	7448.55	1285	32.23556	1285	697.8
1290	1	1290	7446.27	1290	32.29985	1290	698.8
1295	1	1295	7444	1295	32.36413	1295	699.8
1300	1	1300	7441.72	1300	32.42841	1300	700.8
1305	1	1305	7439.44	1305	32.49269	1305	701.8
1310	1	1310	7437.16	1310	32.55697	1310	702.8
1315	1	1315	7434.88	1315	32.62125	1315	703.6
1320	1	1320	7432.59	1320	32.68553	1320	704.8
1325	1	1325	7430.3	1325	32.74981	1325	705.8
1330	1	1330	7428.01	1330	32.81408	1330	706.8
1335	1	1335	7425.72	1335	32.87835	1335	708
1340	1	1340	7423.43	1340	32.94262	1340	708.8
1345	1	1345	7421.13	1345	33.00689	1345	709.8
1350	1	1350	7418.83	1350	33.07116	1350	711
1355	1	1355	7416.53	1355	33.13543	1355	711.8
1360	1	1360	7414.23	1360	33.19969	1360	713
1365	1	1365	7411.92	1365	33.26396	1365	714
1370	1	1370	7409.62	1370	33.32822	1370	715
1375	1	1375	7407.31	1375	33.39248	1375	716.2
1380	1	1380	7404.99	1380	33.45674	1380	717
1385	1	1385	7402.68	1385	33.521	1385	718.2
1390	1	1390	7400.36	1390	33.58526	1390	719.2
1395	1	1395	7398.05	1395	33.64952	1395	724.87
1403.16	1	1403.16	7394.26	1403.16	33.75438	1403.16	2175.67
1405	0.98838	1405	7390.78	1405	33.7394	1405	2440.2
1410	0.94901	1410	7379.85	1410	33.66968	1410	2812
1415	0.89901	1415	7366.98	1415	33.5587	1415	3395.6
1420	0.83279	1420	7351.08	1420	33.38834	1420	4336.2
1425	0.74087	1425	7330.33	1425	33.12943	1425	5909.2
1430	0.60665	1430	7301.54	1430	32.73299	1430	8667.6
1435	0.39918	1435	7258.87	1435	32.1276	1435	8655.8
1437.82	0.2411	1437.82	7227.14	1437.82	31.67934	1440	5968.6
1440	0.18351	1440	7216.7	1440	31.41929	1445	6616.27
1445	0.02324	1445	7188.27	1445	30.70465	1445.65	778.77
1445.65	0	1445.65	7184.2	1445.65	30.60284	1450	780.8
1450	0	1450	7180.92	1450	30.66914	1455	782.4
1455	0	1455	7177.14	1455	30.74532	1460	784.4
1460	0	1460	7173.35	1460	30.8215	1465	786.2
1465	0	1465	7169.55	1465	30.89768	1470	788
1470	0	1470	7165.75	1470	30.97386	1475	789.8
1475	0	1475	7161.94	1475	31.05004	1480	791.6
1480	0	1480	7158.12	1480	31.12622	1485	793.6
1485	0	1485	7154.3	1485	31.2024	1490	795.6
1490	0	1490	7150.47	1490	31.27858	1495	797.2
1495	0	1495	7146.63	1495	31.35476	1500	799.4
1500	0	1500	7142.78	1500	31.43094	1505	801.2
1505	0	1505	7138.93	1505	31.50712	1510	803
1510	0	1510	7135.07	1510	31.5833	1515	805.2
1515	0	1515	7131.2	1515	31.65948	1520	807
1520	0	1520	7127.33	1520	31.73566	1525	809
1525	0	1525	7123.45	1525	31.81184	1530	811
1530	0	1530	7119.56	1530	31.88803	1535	810.8
1535	0	1535	7115.67	1535	31.96421	1540	813.4
1540	0	1540	7111.77	1540	32.04039	1545	813.8
1545	0	1545	7107.86	1545	32.11657	1550	814
1550	0	1550	7103.94	1550	32.19275	1555	814.4
1555	0	1555	7100.02	1555	32.26893	1560	814.8
1560	0	1560	7096.09	1560	32.34511	1565	815
1565	0	1565	7092.16	1565	32.42129	1570	815.4
1570	0	1570	7088.22	1570	32.49747	1575	815.6
1575	0	1575	7084.27	1575	32.57365	1580	816
1580	0	1580	7080.32	1580	32.64983	1585	816.4
1585	0	1585	7076.36	1585	32.72601	1590	816.6
1590	0	1590	7072.39	1590	32.80219	1595	816.8
1595	0	1595	7068.42	1595	32.87837	1600	817.2
1600	0	1600	7064.44	1600	32.95455	1605	817.6
1605	0	1605	7060.45	1605	33.03073	1610	817.8
1610	0	1610	7056.46	1610	33.10691	1615	818.2
1615	0	1615	7052.46	1615	33.18309	1620	818.4
1620	0	1620	7048.45	1620	33.25927	1625	818.6
1625	0	1625	7044.44	1625	33.33545	1630	819
1630	0	1630	7040.42	1630	33.41163	1635	819.4
1635	0	1635	7036.4	1635	33.48781	1640	819.6
1640	0	1640	7032.37	1640	33.56399	1645	819.8
1645	0	1645	7028.33	1645	33.64017	1650	820.2
1650	0	1650	7024.29	1650	33.71635	1655	820.6
1655	0	1655	7020.24	1655	33.79253	1660	820.6
1660	0	1660	7016.18	1660	33.86871	1665	821
1665	0	1665	7012.12	1665	33.94489	1670	821.4
1670	0	1670	7008.06	1670	34.02107	1675	821.6
1675	0	1675	7003.98	1675	34.09725	1680	821.8
1680	0	1680	6999.9	1680	34.17343	1685	822
1685	0	1685	6995.82	1685	34.24961	1690	822.4
1690	0	1690	6991.73	1690	34.32579	1695	822.6
1695	0	1695	6987.63	1695	34.40197	1700	823
1700	0	1700	6983.53	1700	34.47815	1705	823.2
1705	0	1705	6979.42	1705	34.55433	1710	823.4
1710	0	1710	6975.31	1710	34.63051	1715	823.6
1715	0	1715	6971.19	1715	34.70669	1720	824
1720	0	1720	6967.06	1720	34.78287	1725	824.2
1725	0	1725	6962.93	1725	34.85905	1730	824.4
1730	0	1730	6958.79	1730	34.93523	1735	824.6
1735	0	1735	6954.65	1735	35.01141	1740	825
1740	0	1740	6950.5	1740	35.08759	1745	825.2
1745	0	1745	6946.34	1745	35.16377	1750	825.2
1750	0	1750	6942.19	1750	35.23995	1755	825.8
1755	0	1755	6938.02	1755	35.31613	1760	825.8
1760	0	1760	6933.85	1760	35.39231	1765	826
1765	0	1765	6929.67	1765	35.46849	1770	826.2
1770	0	1770	6925.49	1770	35.54467	1775	826.6
1775	0	1775	6921.3	1775	35.62085	1780	826.8
1780	0	1780	6917.11	1780	35.69703	1785	826.8
1785	0	1785	6912.91	1785	35.77321	1790	827.2
1790	0	1790	6908.71	1790	35.84939	1795	827.4
1795	0	1795	6904.5	1795	35.92558	1800	827.4
1800	0	1800	6900.29	1800	36.00176	1805	827.8
1805	0	1805	6896.07	1805	36.07794	1810	828
1810	0	1810	6891.85	1810	36.15412	1815	828.2
1815	0	1815	6887.62	1815	36.2303	1820	828.2
1820	0	1820	6883.38	1820	36.30648	1825	828.6
1825	0	1825	6879.14	1825	36.38266	1830	828.6
1830	0	1830	6874.9	1830	36.45884	1835	828.8
1835	0	1835	6870.65	1835	36.53502	1840	829
1840	0	1840	6866.39	1840	36.6112	1845	829.2
1845	0	1845	6862.13	1845	36.68738	1850	829.4
1850	0	1850	6857.87	1850	36.76356	1855	829.6
1855	0	1855	6853.6	1855	36.83974	1860	829.6
1860	0	1860	6849.32	1860	36.91592	1865	829.8
1865	0	1865	6845.04	1865	36.9921	1870	830
1870	0	1870	6840.76	1870	37.06828	1875	830.2
1875	0	1875	6836.47	1875	37.14446	1880	830.2
1880	0	1880	6832.17	1880	37.22064	1885	830.4
1885	0	1885	6827.87	1885	37.29682	1890	830.6
1890	0	1890	6823.57	1890	37.373	1895	830.6
1895	0	1895	6819.26	1895	37.44918	1900	830.8
1900	0	1900	6814.95	1900	37.52536	1905	830.8
1905	0	1905	6810.63	1905	37.60154	1910	830.8
1910	0	1910	6806.31	1910	37.67772	1915	831
1915	0	1915	6801.98	1915	37.7539	1920	830.8
1920	0	1920	6797.65	1920	37.83008	1925	831
1925	0	1925	6793.31	1925	37.90626	1930	831
1930	0	1930	6788.97	1930	37.98244	1935	830.8
1935	0	1935	6784.63	1935	38.05862	1940	831
1940	0	1940	6780.28	1940	38.1348	1945	831
1945	0	1945	6775.92	1945	38.21098	1950	831
1950	0	1950	6771.56	1950	38.28716	1955	831
1955	0	1955	6767.2	1955	38.36334	1960	831
1960	0	1960	6762.83	1960	38.43952	1965	831
1965	0	1965	6758.46	1965	38.5157	1970	831
1970	0	1970	6754.08	1970	38.59188	1975	831.2
1975	0	1975	6749.7	1975	38.66806	1980	831
1980	0	1980	6745.32	1980	38.74424	1985	831
1985	0	1985	6740.93	1985	38.82042	1990	831.2
1990	0	1990	6736.54	1990	38.8966	1995	831
1995	0	1995	6732.14	1995	38.97278	2000	831
2000	0	2000	6727.74	2000	39.04896		
