fs_t	fs	rho_t	rho	k_t	k	cp_t	cp
25	1	25	7862.18	25	67.91775	25	450.93
30	1	30	7860.74	30	67.5726	30	453.09
35	1	35	7859.29	35	67.22821	35	455.21
40	1	40	7857.84	40	66.88461	40	457.3
45	1	45	7856.39	45	66.5418	45	459.36
50	1	50	7854.93	50	66.19982	50	461.4
55	1	55	7853.47	55	65.85868	55	463.41
60	1	60	7852.01	60	65.5184	60	465.41
65	1	65	7850.54	65	65.17901	65	467.38
70	1	70	7849.07	70	64.84051	70	469.35
75	1	75	7847.59	75	64.50293	75	471.3
80	1	80	7846.11	80	64.16629	80	473.23
85	1	85	7844.63	85	63.83061	85	475.16
90	1	90	7843.14	90	63.49591	90	477.08
95	1	95	7841.65	95	63.1622	95	478.99
100	1	100	7840.16	100	62.8295	100	480.9
105	1	105	7838.66	105	62.49784	105	482.8
110	1	110	7837.16	110	62.16723	110	484.7
115	1	115	7835.65	115	61.83768	115	486.59
120	1	120	7834.14	120	61.50922	120	488.49
125	1	125	7832.63	125	61.18187	125	490.39
130	1	130	7831.11	130	60.85564	130	492.28
135	1	135	7829.59	135	60.53055	135	494.19
140	1	140	7828.07	140	60.20662	140	496.09
145	1	145	7826.54	145	59.88386	145	498
150	1	150	7825.01	150	59.56229	150	499.91
155	1	155	7823.47	155	59.24193	155	501.83
160	1	160	7821.93	160	58.9228	160	503.76
165	1	165	7820.39	165	58.60491	165	505.69
170	1	170	7818.85	170	58.28828	170	507.64
175	1	175	7817.3	175	57.97292	175	509.59
180	1	180	7815.74	180	57.65885	180	511.55
185	1	185	7814.19	185	57.3461	185	513.52
190	1	190	7812.63	190	57.03466	190	515.51
195	1	195	7811.06	195	56.72456	195	517.5
200	1	200	7809.49	200	56.41582	200	519.51
205	1	205	7807.92	205	56.10845	205	521.53
210	1	210	7806.35	210	55.80246	210	523.56
215	1	215	7804.77	215	55.49787	215	525.61
220	1	220	7803.19	220	55.1947	220	527.68
225	1	225	7801.6	225	54.89296	225	529.75
230	1	230	7800.01	230	54.59266	230	531.85
235	1	235	7798.42	235	54.29382	235	533.96
240	1	240	7796.82	240	53.99645	240	536.09
245	1	245	7795.22	245	53.70058	245	538.23
250	1	250	7793.62	250	53.4062	250	540.4
255	1	255	7792.01	255	53.11334	255	542.58
260	1	260	7790.4	260	52.82201	260	544.78
265	1	265	7788.78	265	52.53222	265	547
270	1	270	7787.16	270	52.24398	270	549.24
275	1	275	7785.54	275	51.95732	275	551.5
280	1	280	7783.92	280	51.67223	280	553.78
285	1	285	7782.29	285	51.38875	285	556.09
290	1	290	7780.65	290	51.10686	290	558.41
295	1	295	7779.02	295	50.8266	295	560.76
300	1	300	7777.38	300	50.54797	300	563.13
305	1	305	7775.73	305	50.27099	305	565.53
310	1	310	7774.09	310	49.99566	310	567.95
315	1	315	7772.44	315	49.722	315	570.39
320	1	320	7770.78	320	49.45002	320	572.86
325	1	325	7769.12	325	49.17973	325	575.36
330	1	330	7767.46	330	48.91115	330	577.88
335	1	335	7765.8	335	48.64427	335	580.43
340	1	340	7764.13	340	48.37913	340	583
345	1	345	7762.46	345	48.11571	345	585.61
350	1	350	7760.78	350	47.85405	350	588.24
355	1	355	7759.1	355	47.59414	355	590.9
360	1	360	7757.42	360	47.336	360	593.59
365	1	365	7755.73	365	47.07963	365	596.32
370	1	370	7754.04	370	46.82505	370	599.07
375	1	375	7752.35	375	46.57227	375	601.86
380	1	380	7750.65	380	46.32129	380	604.67
385	1	385	7748.95	385	46.07213	385	607.53
390	1	390	7747.25	390	45.8248	390	610.41
395	1	395	7745.54	395	45.5793	395	613.33
400	1	400	7743.83	400	45.33564	400	616.29
405	1	405	7742.12	405	45.09383	405	619.28
410	1	410	7740.4	410	44.85388	410	622.31
415	1	415	7738.68	415	44.6158	415	625.38
420	1	420	7736.95	420	44.3796	420	628.49
425	1	425	7735.22	425	44.14528	425	631.64
430	1	430	7733.49	430	43.91285	430	634.83
435	1	435	7731.76	435	43.68233	435	638.06
440	1	440	7730.02	440	43.45371	440	641.33
445	1	445	7728.27	445	43.227	445	644.65
450	1	450	7726.53	450	43.00222	450	648.01
455	1	455	7724.78	455	42.77936	455	651.42
460	1	460	7723.03	460	42.55844	460	654.87
465	1	465	7721.27	465	42.33947	465	658.38
470	1	470	7719.51	470	42.12244	470	661.94
475	1	475	7717.75	475	41.90736	475	665.54
480	1	480	7715.98	480	41.69424	480	669.2
485	1	485	7714.21	485	41.4831	485	672.92
490	1	490	7712.44	490	41.27392	490	676.69
495	1	495	7710.66	495	41.06672	495	680.52
500	1	500	7708.88	500	40.8615	500	684.41
505	1	505	7707.1	505	40.65827	505	688.35
510	1	510	7705.31	510	40.45703	510	692.37
515	1	515	7703.52	515	40.25779	515	696.45
520	1	520	7701.72	520	40.06055	520	700.59
525	1	525	7699.93	525	39.86531	525	704.8
530	1	530	7698.13	530	39.67209	530	709.09
535	1	535	7696.32	535	39.48088	535	713.45
540	1	540	7694.51	540	39.29168	540	717.89
545	1	545	7692.7	545	39.10451	545	722.4
550	1	550	7690.89	550	38.91936	550	727
555	1	555	7689.07	555	38.73624	555	722.89
560	1	560	7687.25	560	38.55516	560	741.95
565	1	565	7685.4	565	38.37119	565	746.92
570	1	570	7683.54	570	38.18951	570	752
575	1	575	7681.68	575	38.01011	575	757.17
580	1	580	7679.82	580	37.83298	580	2527.49
585	1	585	7687.12	585	36.21534	585	4434.76
590	1	590	7704.43	590	33.25454	590	4101.99
595	1	595	7720.11	595	30.85642	595	2782.02
600	1	600	7728.94	600	29.56829	600	1726.78
605	1	605	7732.36	605	28.95434	605	1238.53
610	1	610	7733.2	610	28.62964	610	968.4
615	1	615	7732.61	615	28.46024	615	853.51
620	1	620	7731.4	620	28.35675	620	806.73
625	1	625	7729.94	625	28.2809	625	794.96
630	1	630	7728.42	630	28.21363	630	792.28
635	1	635	7726.9	635	28.14834	635	802.75
640	1	640	7725.4	640	28.08254	640	799.9
645	1	645	7723.95	645	28.01539	645	815.36
650	1	650	7722.54	650	27.94706	650	823.51
655	1	655	7721.19	655	27.8761	655	831.23
660	1	660	7719.89	660	27.80279	660	838.42
665	1	665	7718.66	665	27.72743	665	846.75
670	1	670	7717.49	670	27.64941	670	854.51
675	1	675	7716.38	675	27.56905	675	863.02
680	1	680	7715.35	680	27.48582	680	872.32
685	1	685	7714.41	685	27.39924	685	880.32
690	1	690	7713.55	690	27.30971	690	887.24
695	1	695	7712.77	695	27.21763	695	894.56
700	1	700	7712.08	700	27.12258	700	900.3
705	1	705	7711.48	705	27.02497	705	904.65
710	1	710	7710.97	710	26.92517	710	907.66
715	1	715	7710.53	715	26.82353	715	904.95
720	1	720	7710.13	720	26.72254	720	898.48
725	1	725	7709.75	725	26.62377	725	884.58
730	1	730	7709.32	730	26.53071	730	864.22
735	1	735	7708.8	735	26.44653	735	834.4
740	1	740	7708.08	740	26.37613	740	796.65
745	1	745	7707.1	745	26.32402	745	755.59
750	1	750	7705.81	750	26.29241	750	714.26
755	1	755	7704.18	755	26.28212	755	677.41
760	1	760	7702.24	760	26.29141	760	646.21
765	1	765	7700.04	765	26.31749	765	624.55
770	1	770	7697.63	770	26.35596	770	611.37
775	1	775	7695.09	775	26.40271	775	602.83
780	1	780	7692.46	780	26.45506	780	597.78
785	1	785	7689.77	785	26.51104	785	595.55
790	1	790	7687.05	790	26.56887	790	594.38
795	1	795	7684.32	795	26.62792	795	594.11
800	1	800	7681.57	800	26.68763	800	594.67
805	1	805	7678.82	805	26.74752	805	594.38
810	1	810	7676.06	810	26.80808	810	595.15
815	1	815	7673.3	815	26.86864	815	595.92
820	1	820	7670.55	820	26.9292	820	596.69
825	1	825	7667.79	825	26.98977	825	597.46
830	1	830	7665.04	830	27.05033	830	598.23
835	1	835	7662.29	835	27.11089	835	599
840	1	840	7659.54	840	27.17145	840	599.37
845	1	845	7656.79	845	27.23201	845	600.14
850	1	850	7654.05	850	27.29257	850	600.91
855	1	855	7651.3	855	27.35314	855	601.67
860	1	860	7648.56	860	27.4137	860	602.44
865	1	865	7645.82	865	27.47426	865	603.21
870	1	870	7643.08	870	27.53482	870	603.98
875	1	875	7640.34	875	27.59538	875	604.74
880	1	880	7637.61	880	27.65595	880	605.51
885	1	885	7634.87	885	27.71651	885	606.28
890	1	890	7632.14	890	27.77707	890	607.05
895	1	895	7629.41	895	27.83763	895	607.82
900	1	900	7626.68	900	27.89819	900	608.58
905	1	905	7623.95	905	27.95875	905	609.35
910	1	910	7621.22	910	28.01932	910	610.12
915	1	915	7618.5	915	28.07988	915	610.89
920	1	920	7615.77	920	28.14044	920	611.66
925	1	925	7613.05	925	28.201	925	612.42
930	1	930	7610.33	930	28.26156	930	613.19
935	1	935	7607.61	935	28.32212	935	613.96
940	1	940	7604.89	940	28.38269	940	614.73
945	1	945	7602.18	945	28.44325	945	615.5
950	1	950	7599.46	950	28.50381	950	616.27
955	1	955	7596.75	955	28.56437	955	617.04
960	1	960	7594.04	960	28.62493	960	617.81
965	1	965	7591.33	965	28.6855	965	618.57
970	1	970	7588.62	970	28.74606	970	619.34
975	1	975	7585.91	975	28.80662	975	620.11
980	1	980	7583.21	980	28.86718	980	620.88
985	1	985	7580.5	985	28.92774	985	621.65
990	1	990	7577.8	990	28.9883	990	622.42
995	1	995	7575.1	995	29.04887	995	623.19
1000	1	1000	7572.4	1000	29.10943	1000	623.96
1005	1	1005	7569.7	1005	29.16999	1005	624.73
1010	1	1010	7567	1010	29.23055	1010	625.5
1015	1	1015	7564.31	1015	29.29111	1015	626.27
1020	1	1020	7561.62	1020	29.35167	1020	627.04
1025	1	1025	7558.92	1025	29.41224	1025	627.81
1030	1	1030	7556.23	1030	29.4728	1030	628.58
1035	1	1035	7553.54	1035	29.53336	1035	629.36
1040	1	1040	7550.86	1040	29.59392	1040	630.13
1045	1	1045	7548.17	1045	29.65448	1045	630.9
1050	1	1050	7545.49	1050	29.71504	1050	631.67
1055	1	1055	7542.8	1055	29.77561	1055	632.44
1060	1	1060	7540.12	1060	29.83617	1060	633.21
1065	1	1065	7537.44	1065	29.89673	1065	633.98
1070	1	1070	7534.76	1070	29.95729	1070	634.76
1075	1	1075	7532.08	1075	30.01785	1075	635.53
1080	1	1080	7529.41	1080	30.07842	1080	636.3
1085	1	1085	7526.73	1085	30.13898	1085	637.07
1090	1	1090	7524.06	1090	30.19954	1090	637.85
1095	1	1095	7521.39	1095	30.2601	1095	638.62
1100	1	1100	7518.72	1100	30.32066	1100	639.39
1105	1	1105	7516.05	1105	30.38122	1105	640.17
1110	1	1110	7513.38	1110	30.44179	1110	640.94
1115	1	1115	7510.71	1115	30.50235	1115	641.71
1120	1	1120	7508.05	1120	30.56291	1120	642.49
1125	1	1125	7505.39	1125	30.62347	1125	643.26
1130	1	1130	7502.72	1130	30.68403	1130	644.04
1135	1	1135	7500.06	1135	30.74459	1135	644.81
1140	1	1140	7497.4	1140	30.80516	1140	645.59
1145	1	1145	7494.75	1145	30.86572	1145	646.36
1150	1	1150	7492.09	1150	30.92628	1150	647.14
1155	1	1155	7489.43	1155	30.98684	1155	647.91
1160	1	1160	7486.78	1160	31.0474	1160	648.69
1165	1	1165	7484.13	1165	31.10797	1165	649.46
1170	1	1170	7481.48	1170	31.16853	1170	650.24
1175	1	1175	7478.83	1175	31.22909	1175	651.01
1180	1	1180	7476.18	1180	31.28965	1180	651.79
1185	1	1185	7473.53	1185	31.35021	1185	652.57
1190	1	1190	7470.89	1190	31.41077	1190	653.34
1195	1	1195	7468.24	1195	31.47134	1195	654.12
1200	1	1200	7465.6	1200	31.5319	1200	654.9
1205	1	1205	7462.96	1205	31.59246	1205	655.67
1210	1	1210	7460.32	1210	31.65302	1210	656.45
1215	1	1215	7457.68	1215	31.71358	1215	657.23
1220	1	1220	7455.04	1220	31.77414	1220	658.01
1225	1	1225	7452.41	1225	31.83471	1225	658.79
1230	1	1230	7449.77	1230	31.89527	1230	659.56
1235	1	1235	7447.14	1235	31.95583	1235	660.34
1240	1	1240	7444.51	1240	32.01639	1240	661.12
1245	1	1245	7441.88	1245	32.07695	1245	661.9
1250	1	1250	7439.25	1250	32.13751	1250	662.69
1255	1	1255	7436.62	1255	32.19808	1255	663.48
1260	1	1260	7433.99	1260	32.25864	1260	664.27
1265	1	1265	7431.37	1265	32.3192	1265	665.06
1270	1	1270	7428.74	1270	32.37976	1270	665.84
1275	1	1275	7426.12	1275	32.44032	1275	666.63
1280	1	1280	7423.5	1280	32.50089	1280	667.42
1285	1	1285	7420.88	1285	32.56145	1285	668.21
1290	1	1290	7418.26	1290	32.62201	1290	668.99
1295	1	1295	7415.64	1295	32.68257	1295	669.78
1300	1	1300	7413.02	1300	32.74313	1300	670.57
1305	1	1305	7410.41	1305	32.80369	1305	671.36
1310	1	1310	7407.79	1310	32.86426	1310	672.14
1315	1	1315	7405.18	1315	32.92482	1315	672.93
1320	1	1320	7402.57	1320	32.98538	1320	673.72
1325	1	1325	7399.96	1325	33.04594	1325	674.5
1330	1	1330	7397.35	1330	33.1065	1330	675.29
1335	1	1335	7394.74	1335	33.16706	1335	676.08
1340	1	1340	7392.14	1340	33.22763	1340	676.86
1345	1	1345	7389.53	1345	33.28819	1345	677.65
1350	1	1350	7386.93	1350	33.34875	1350	678.43
1355	1	1355	7384.33	1355	33.40931	1355	679.22
1360	1	1360	7381.72	1360	33.46987	1360	680.01
1365	1	1365	7379.12	1365	33.53044	1365	680.79
1370	1	1370	7376.53	1370	33.591	1370	681.58
1375	1	1375	7373.93	1375	33.65156	1375	682.37
1380	1	1380	7371.33	1380	33.71212	1380	683.15
1385	1	1385	7368.74	1385	33.77268	1385	683.94
1390	1	1390	7366.14	1390	33.83324	1390	684.73
1395	1	1395	7363.55	1395	33.89381	1395	685.51
1400	1	1400	7360.96	1400	33.95437	1400	686.3
1405	1	1405	7358.37	1405	34.01493	1405	687.09
1410	1	1410	7355.78	1410	34.07549	1410	687.87
1415	1	1415	7353.19	1415	34.13605	1415	688.66
1420	1	1420	7350.61	1420	34.19661	1420	689.45
1425	1	1425	7348.02	1425	34.25718	1425	690.23
1430	1	1430	7345.44	1430	34.31774	1430	691.02
1435	1	1435	7342.85	1435	34.3783	1435	691.81
1440	1	1440	7340.27	1440	34.43886	1440	692.6
1445	1	1445	7337.69	1445	34.49942	1445	693.38
1450	1	1450	7335.11	1450	34.55998	1450	694.17
1455	1	1455	7332.53	1455	34.62055	1455	694.96
1460	1	1460	7329.96	1460	34.68111	1460	695.75
1465	1	1465	7327.38	1465	34.74167	1465	696.53
1470	1	1470	7324.81	1470	34.80223	1470	697.32
1475	1	1475	7322.23	1475	34.86279	1475	698.11
1480	1	1480	7319.66	1480	34.92336	1480	698.9
1495	0.8290095	1495	7240.32	1495	35.07089	1495	2682.1
1500	0.7784028	1500	7225.65	1500	35.06457	1500	3328.2
1505	0.7114078	1505	7206.8	1505	35.02586	1505	4313.6
1510	0.6187554	1510	7181.38	1510	34.93619	1510	5921.15
1515	0.4826761	1515	7144.9	1515	34.76041	1515	8797.25
1520	0.2645841	1520	7087.52	1520	34.42328	1520	14680.85
1525	0	1525	7017.73	1525	33.99552	1525	819.38
1530	0	1530	7013.73	1530	34.08847	1530	821.85
1535	0	1535	7009.71	1535	34.18141	1535	824.33
1540	0	1540	7005.69	1540	34.27436	1540	825.78
1545	0	1545	7001.67	1545	34.36731	1545	825.78
1550	0	1550	6997.64	1550	34.46025	1550	825.78
1555	0	1555	6993.6	1555	34.5532	1555	825.78
1560	0	1560	6989.55	1560	34.64614	1560	825.78
1565	0	1565	6985.5	1565	34.73909	1565	825.79
1570	0	1570	6981.44	1570	34.83204	1570	825.79
1575	0	1575	6977.38	1575	34.92498	1575	825.79
1580	0	1580	6973.31	1580	35.01793	1580	825.79
1585	0	1585	6969.23	1585	35.11087	1585	825.79
1590	0	1590	6965.15	1590	35.20382	1590	825.79
1595	0	1595	6961.06	1595	35.29677	1595	825.79
1600	0	1600	6956.97	1600	35.38971	1600	825.8
1605	0	1605	6952.86	1605	35.48266	1605	825.8
1610	0	1610	6948.76	1610	35.5756	1610	825.8
1615	0	1615	6944.64	1615	35.66855	1615	825.8
1620	0	1620	6940.53	1620	35.7615	1620	825.8
1625	0	1625	6936.4	1625	35.85444	1625	825.8
1630	0	1630	6932.27	1630	35.94739	1630	825.8
1635	0	1635	6928.13	1635	36.04033	1635	825.8
1640	0	1640	6923.99	1640	36.13328	1640	825.81
1645	0	1645	6919.84	1645	36.22623	1645	825.81
1650	0	1650	6915.69	1650	36.31917	1650	825.81
1655	0	1655	6911.53	1655	36.41212	1655	825.81
1660	0	1660	6907.36	1660	36.50506	1660	825.81
1665	0	1665	6903.19	1665	36.59801	1665	825.81
1670	0	1670	6899.01	1670	36.69096	1670	825.81
1675	0	1675	6894.83	1675	36.7839	1675	825.82
1680	0	1680	6890.64	1680	36.87685	1680	825.82
1685	0	1685	6886.45	1685	36.96979	1685	825.82
1690	0	1690	6882.25	1690	37.06274	1690	825.82
1695	0	1695	6878.04	1695	37.15569	1695	825.82
1700	0	1700	6873.83	1700	37.24863	1700	825.82
1705	0	1705	6869.61	1705	37.34158	1705	825.82
1710	0	1710	6865.39	1710	37.43452	1710	825.82
1715	0	1715	6861.17	1715	37.52747	1715	825.82
1720	0	1720	6856.93	1720	37.62042	1720	825.83
1725	0	1725	6852.7	1725	37.71336	1725	825.83
1730	0	1730	6848.45	1730	37.80631	1730	825.83
1735	0	1735	6844.2	1735	37.89925	1735	825.83
1740	0	1740	6839.95	1740	37.9922	1740	825.83
1745	0	1745	6835.69	1745	38.08515	1745	825.83
1750	0	1750	6831.43	1750	38.17809	1750	825.83
1755	0	1755	6827.16	1755	38.27104	1755	825.83
1760	0	1760	6822.88	1760	38.36398	1760	825.84
1765	0	1765	6818.6	1765	38.45693	1765	825.84
1770	0	1770	6814.32	1770	38.54988	1770	825.84
1775	0	1775	6810.03	1775	38.64282	1775	825.84
1780	0	1780	6805.73	1780	38.73577	1780	825.84
1785	0	1785	6801.43	1785	38.82872	1785	825.84
1790	0	1790	6797.13	1790	38.92166	1790	825.84
1795	0	1795	6792.82	1795	39.01461	1795	825.84
1800	0	1800	6788.5	1800	39.10755	1800	825.85
1805	0	1805	6784.18	1805	39.2005	1805	825.85
1810	0	1810	6779.86	1810	39.29345	1810	825.85
1815	0	1815	6775.53	1815	39.38639	1815	825.85
1820	0	1820	6771.2	1820	39.47934	1820	825.85
1825	0	1825	6766.86	1825	39.57228	1825	825.85
1830	0	1830	6762.51	1830	39.66523	1830	825.85
1835	0	1835	6758.16	1835	39.75818	1835	825.85
1840	0	1840	6753.81	1840	39.85112	1840	825.85
1845	0	1845	6749.45	1845	39.94407	1845	825.86
1850	0	1850	6745.09	1850	40.03701	1850	825.86
1855	0	1855	6740.72	1855	40.12996	1855	825.86
1860	0	1860	6736.35	1860	40.22291	1860	825.86
1865	0	1865	6731.98	1865	40.31585	1865	825.86
1870	0	1870	6727.59	1870	40.4088	1870	825.86
1875	0	1875	6723.21	1875	40.50174	1875	825.86
1880	0	1880	6718.82	1880	40.59469	1880	825.86
1885	0	1885	6714.43	1885	40.68764	1885	825.86
1890	0	1890	6710.03	1890	40.78058	1890	825.87
1895	0	1895	6705.62	1895	40.87353	1895	825.87
1900	0	1900	6701.22	1900	40.96647	1900	825.87
1905	0	1905	6696.81	1905	41.05942	1905	825.87
1910	0	1910	6692.39	1910	41.15237	1910	825.87
1915	0	1915	6687.97	1915	41.24531	1915	825.87
1920	0	1920	6683.55	1920	41.33826	1920	825.87
1925	0	1925	6679.12	1925	41.4312	1925	825.87
1930	0	1930	6674.68	1930	41.52415	1930	825.87
1935	0	1935	6670.25	1935	41.6171	1935	825.88
1940	0	1940	6665.81	1940	41.71004	1940	825.88
1945	0	1945	6661.36	1945	41.80299	1945	825.88
1950	0	1950	6656.91	1950	41.89593	1950	825.88
1955	0	1955	6652.46	1955	41.98888	1955	825.88
1960	0	1960	6648	1960	42.08183	1960	825.88
1965	0	1965	6643.54	1965	42.17477	1965	825.88
1970	0	1970	6639.08	1970	42.26772	1970	825.88
1975	0	1975	6634.61	1975	42.36066	1975	825.88
1980	0	1980	6630.13	1980	42.45361	1980	825.88
1985	0	1985	6625.66	1985	42.54656	1985	825.89
1990	0	1990	6621.18	1990	42.6395	1990	825.89
1995	0	1995	6616.69	1995	42.73245	1995	825.89
2000	0	2000	6612.2	2000	42.82539	2000	825.89
